-0.035156
-0.242188
0.230469
0.089844
-0.218750
-0.058594
-0.117188
-0.296875
-0.101562
0.238281
-0.101562
-0.078125
0.132812
0.199219
-0.023438
0.304688
0.031250
-0.046875
-0.023438
-0.824219
-0.187500
-0.367188
0.054688
-0.066406
-0.058594
-0.027344
0.085938
0.433594
-0.402344
0.179688
-0.484375
0.007812
0.113281
-0.226562
-0.046875
-0.035156
0.121094
0.242188
-0.250000
0.062500
-0.003906
0.203125
-0.281250
0.105469
0.039062
-0.089844
0.214844
0.011719
-0.218750
0.320312
-0.234375
-0.121094
0.511719
-0.050781
0.382812
-0.144531
-0.574219
-0.230469
-0.136719
-0.652344
-0.480469
0.238281
-0.179688
-0.449219
-1.109375
-1.210938
-0.195312
-0.800781
-0.140625
-0.382812
0.179688
0.218750
0.312500
-0.750000
0.226562
0.074219
0.398438
-0.363281
-0.222656
0.035156
